30 12
6 9 38 26 17 20 8 6 38 13 40 23
15 39 12 21 5 6 28 21 6 31 21 14
18 6 29 4 28 13 1 29 26 3 15 26
21 19 22 1 6 26 3 25 15 22 23 23
16 15 37 19 36 31 22 10 32 28 6 5
12 25 8 20 20 6 9 34 15 2 26 6
8 29 4 25 3 19 23 4 30 20 4 22
8 24 26 24 23 39 32 17 38 25 34 2
7 4 36 20 7 12 32 8 26 3 21 39
28 1 33 30 34 14 40 14 18 23 27 10
18 33 31 33 4 30 9 17 33 39 14 24
33 7 22 30 23 3 29 39 3 12 40 25
19 12 40 11 27 13 15 12 2 37 35 13
27 8 28 25 10 14 10 1 17 7 36 24
38 27 32 32 39 14 19 24 40 19 12 6
36 32 2 14 1 8 33 20 39 17 14 15
33 20 24 5 9 18 8 6 9 19 25 24
11 27 15 26 27 7 30 2 13 35 17 1
7 36 25 38 5 2 38 29 24 23 1 25
28 24 8 1 28 3 26 14 37 40 19 20
35 36 14 18 3 23 2 36 9 35 37 4
36 5 35 12 28 26 35 23 5 33 16 26
36 31 10 18 16 33 22 30 1 7 14 34
16 35 16 5 30 25 16 7 32 38 36 15
23 38 10 24 13 40 22 1 40 33 21 39
26 21 35 30 21 20 21 39 28 11 17 39
24 3 18 33 2 26 31 14 34 10 21 31
19 39 1 10 20 27 14 10 36 34 21 29
21 26 18 19 36 32 6 28 40 8 32 24
24 38 25 19 36 31 11 2 22 4 20 9
