50 20
52 11 33 40 30 37 8 9 30 8 31 51 16 42 38 45 18 13 35 53
52 26 28 23 14 55 53 7 41 24 51 31 47 5 41 38 23 51 52 22
17 40 41 21 41 33 43 54 48 19 29 30 5 33 32 43 30 32 39 26
26 17 14 52 5 55 52 9 17 49 47 21 51 46 12 47 42 35 41 23
19 43 38 27 49 44 12 43 15 50 29 30 6 27 39 46 12 27 43 37
8 20 26 52 28 5 17 15 31 37 26 34 51 50 18 5 23 50 12 45
8 32 53 38 12 53 19 29 52 44 5 32 52 15 13 36 10 15 25 38
35 33 41 55 21 33 29 43 35 20 47 35 24 25 48 52 23 40 38 37
31 44 6 30 12 9 49 50 50 40 49 14 7 48 5 50 12 9 36 32
5 6 6 49 8 27 29 31 15 7 54 19 11 35 17 9 29 29 55 26
41 37 14 31 15 9 49 49 35 23 12 36 21 51 27 31 29 20 10 12
21 54 6 23 15 42 25 55 24 54 9 25 40 21 34 41 6 45 16 52
16 38 19 42 39 54 42 44 6 25 7 34 25 11 8 5 16 48 44 52
24 51 35 48 49 22 49 42 23 22 7 16 13 21 42 26 5 10 5 48
54 49 22 53 50 11 26 32 43 33 36 7 20 37 24 42 28 39 46 39
44 50 48 21 51 42 47 40 37 10 13 29 54 47 17 5 26 15 32 40
39 9 21 30 16 54 24 48 32 15 49 48 48 34 47 46 23 36 41 46
21 34 47 54 13 54 25 41 32 12 37 29 14 12 42 41 49 8 10 27
15 26 21 38 21 23 28 8 26 39 50 7 28 55 27 27 22 46 35 55
50 40 19 25 21 48 45 55 11 38 46 10 11 13 9 49 36 27 44 6
44 23 15 28 18 18 6 13 9 27 14 50 45 55 16 45 22 47 33 17
17 55 52 51 36 23 47 44 9 25 48 32 14 38 14 26 39 28 15 8
16 51 31 15 52 51 24 55 34 51 32 29 14 28 44 36 49 47 43 50
42 34 41 13 7 46 44 31 8 8 31 30 53 12 29 11 52 11 49 6
27 32 33 19 52 39 38 14 41 46 30 33 35 44 37 54 47 15 34 9
8 6 49 47 12 10 15 47 22 20 5 47 16 53 55 39 23 11 26 55
23 17 55 24 29 44 40 48 26 18 29 21 40 30 45 55 28 51 41 30
22 19 31 13 31 37 51 43 5 41 44 35 6 7 41 7 11 23 33 55
44 53 38 20 44 38 25 12 39 49 28 28 16 35 20 22 14 41 6 47
52 26 27 15 41 17 34 15 19 5 11 38 5 34 29 41 36 52 26 55
24 22 39 49 27 5 22 30 20 12 38 34 55 28 24 44 44 42 33 23
53 16 36 41 34 43 9 9 33 50 54 17 36 41 9 52 18 43 40 5
45 19 32 38 9 12 28 25 14 11 18 43 50 19 13 32 51 39 25 25
41 16 16 32 24 24 7 16 27 20 42 39 54 12 15 21 32 55 54 41
8 14 10 46 55 53 28 51 42 50 44 54 9 5 39 15 9 46 36 15
38 23 51 35 34 17 51 7 7 14 34 18 30 8 26 41 51 52 39 26
34 27 32 5 24 6 18 17 46 15 6 22 20 44 49 38 45 12 21 8
12 27 33 25 49 12 6 28 14 22 48 8 38 35 35 36 8 24 8 20
38 36 53 45 38 43 41 20 51 51 34 8 43 19 18 10 5 17 11 55
36 54 26 32 39 28 16 31 28 41 46 54 27 40 24 49 33 18 20 19
55 43 10 35 28 6 51 32 49 40 5 41 11 9 27 10 50 9 39 55
47 47 5 17 21 17 38 43 29 49 33 25 52 49 50 48 20 27 41 55
5 21 41 34 27 25 45 9 30 14 26 22 53 51 37 17 48 27 45 54
30 24 13 36 9 19 14 18 41 49 38 14 40 33 33 51 45 42 12 27
8 48 8 50 9 24 24 32 5 22 15 31 38 41 28 39 38 16 50 40
18 17 50 16 11 45 6 33 15 52 23 37 14 25 32 9 14 13 10 37
34 6 37 8 17 18 22 50 46 39 16 10 45 31 13 17 55 24 33 35
33 19 46 39 14 25 32 10 17 30 46 50 26 10 30 13 5 45 6 45
54 20 39 42 20 48 44 25 51 35 9 12 19 52 6 24 34 22 10 43
12 49 28 46 18 50 48 51 5 55 47 55 26 51 40 9 43 22 46 55
